1
8
2.000000000000000 1.000000000000000 2.000000000000000
3.700000000000000 2.600000000000000 2.000000000000000
1.000000000000000 3.500000000000000 1.800000000000000
3.800000000000000 9.670000000000000 2.300000000000000
2.000000000000000 10.300000000000000 2.000000000000000
3.700000000000000 12.400000000000000 2.300000000000000
1.350000000000000 13.600000000000000 0.100000000000000
4.200000000000000 14.800000000000000 0.100000000000000
3.200000000000000 5.800000000000000 0.100000000000000
5.200000000000000 0.6500000000000000 1.51
6.200000000000000 0.800000000000000 3.0
0.200000000000000 0.800000000000000 1.0
0.200000000000000 0.800000000000000 2.0